CIDR block 10.1.1.0/25
Netmask:    255.255.255.128 = 25  11111111.11111111.11111111.1 0000000
Hosts:      126                   (Private Internet)
Network:    10.1.1.0/25           00001010.00000001.00000001.0 0000000 (Class A)
Broadcast:  10.1.1.127            00001010.00000001.00000001.0 1111111
HostMin:    10.1.1.1              00001010.00000001.00000001.0 0000001
HostMax:    10.1.1.126            00001010.00000001.00000001.0 1111110
